W98045616199101041300O4 50 94  6  263 56 20      24  500N    21     
W98045616199101051300O2 54 67  6  036 58 20      24   20N    21     
W98045616199101061300O1 57 58  7 1027 60 20       0    0N    21     
W98045616199101081300O2 51 65  3  421 60 19       0    0N    21     
W98045616199101131300O0 68 25  6 1016 72 40       0    0N    21     
W98045616199101141300O0 65 25  2 1813 70 42       0    0N    21     
W98045616199101151300O0 64 24  6  813 70 42       0    0N    21     
W98045616199101171300O0 56 39  1 2013 58 29       0    0N    21     
W98045616199101181300O0 60 23  3  513 64 42       0    0N    21     
W98045616199101211300O2 45 61  2 2519 60 38       0    0N    21     
W98045616199101221300O0 52 20  2  816 60 36       0    0N    21     
W98045616199101231300O1 59 18  6  613 63 28       0    0N    21     
W98045616199101251300O1 57 23  3 1013 58 38       0    0N    21     
W98045616199101281300O0 51 54  7 1816 62 28       0    0N    21     
W98045616199101291300O0 57 19  2 1017 58 48       0    0N    21     
W98045616199102021300O3 62 25  6  510 63 28       0    0N    21     
W98045616199102031300O0 67 27  5 1012 70 30       0    0N    21     
W98045616199102041300O0 69 19  2 2011 72 42       0    0N    21     
W98045616199102061300O0 64 20  1 1512 72 38       0    0N    21     
W98045616199102281300O6 48 75  5  568 64 42      24 2330N    21     
W98045616199103021300O1 50 64  7 1039 54 39       0    0N    21     
W98045616199103071300O0 51 24  2 2017 62 32       0    0N    21     
W98045616199103081300O0 59 10  6 1013 60 42       0    0N    21     
W98045616199103091300O2 61 16  0  012 62 42       0    0N    21     
W98045616199103111300O1 47 39  6 1523 58 33       1  170N    21     
W98045616199103171300O0 55 43  2 1216 55 28       0    0N    21     
W98045616199103181300O0 56 30  4 1016 58 37       0    0N    21     
W98045616199103211300O5 40 85  5  739 40 32       2  860N    21     
W98045616199103251300O8 41 85  5  567 58 39       4   40N    21     
W98045616199103261300O7 35 91  3 1068 41 33       9  780N    21     
W98045616199103281300O1 48 75  6  334 48 34       0    0N    21     
W98045616199104041300O0 75 40  1  113 80 59       0    0N    21     
W98045616199104051300O0 79 26  6 10 5 81 70       0    0N    21     
W98045616199104071300O0 72 25  6 12 7 72 41       0    0N    21     
W98045616199104081300O0 68 18  2 20 7 68 40       0    0N    21     
W98045616199104091300O0 72 25  6 12 7 72 41       0    0N    21     
W98045616199104131300O0 60 15  6  6 6 62 45       0    0N    21     
W98045616199104141300O0 65 32  6  8 6 65 36       0    0N    21     
W98045616199104151300O2 62 57  6 15 6 63 36       0    0N    21     
W98045616199104161300O1 59 74  5 12 6 64 33       0    0N    21     
W98045616199104171300O1 59 51  1 10 9 61 33       0    0N    21     
W98045616199104181300O0 59 60  1 18 9 62 32       0    0N    21     
W98045616199104241300O0 62 61  6 2011 62 49       0    0N    21     
W98045616199104251300O5 52 60  3 1018 60 44       0    0N    21     
W98045616199104291300O0 64 31  7 10 5 76 40       0    0N    21     
W98045616199105031300O0 59 42  3 1813 60 34       0    0N    21     
W98045616199105081300O2 76 32  1 16 7 79 54       0    0N    21     
W98045616199105111300O1 53 56  7 1515 60 38       0    0N    21     
W98045616199105141300O0 64 35  6 1011 72 40       0    0N    21     
W98045616199105161300O0 76 18  5 12 9 79 44       0    0N    21     
W98045616199105181300O0 60 34  6 12 9 76 40       0    0N    21     
W98045616199105201300O0 69 35  6 10 9 70 40       0    0N    21     
W98045616199105211300O0 62 44  6  811 70 40       0    0N    21     
W98045616199105221300O1 74 33  6 1010 74 40       0    0N    21     
W98045616199105231300O1 82 19  5 12 8 82 48       0    0N    21     
W98045616199105251300O1 79 21  5 10 7 80 50       0    0N    21     
W98045616199105271300O0 68 31  5 10 9 78 46       0    0N    21     
W98045616199105291300O0 73 23  7 10 8 74 40       0    0N    21     
W98045616199105311300O0 57 40  5 1016 60 40       0    0N    21     
W98045616199106021300O1 76 29  6 15 9 78 40       0    0N    21     
W98045616199106031300O1 83 24  7 15 7 83 40       0    0N    21     
W98045616199106041300O1 84  1  6 10 7 85 57       0    0N    21     
W98045616199106051300O1 78 31  6 15 8 82 49       0    0N    21     
W98045616199106061300O0 78 22  5 15 7 81 40       0    0N    21     
W98045616199106071300O0 81 20  5 10 7 82 42       0    0N    21     
W98045616199106081300O1 81 15  7 13 6 83 42       0    0N    21     
W98045616199106091300O0 85 19  2 10 6 89 41       0    0N    21     
W98045616199106101300O2 88 15  5  8 4 96 44       0    0N    21     
W98045616199106111300O3 83 19  2 12 6 91 43       0    0N    21     
W98045616199106121300O1 87 23  4  5 6 87 44       0    0N    21     
W98045616199106131300O0 78 36  7  8 7 87 46       0    0N    21     
W98045616199106141300O0 75 37  7 12 9 87 38       0    0N    21     
W98045616199106151300O0 82 19  6  5 7 84 35       0    0N    21     
W98045616199106161300O0 86 15  6 10 5 89 28       0    0N    21     
W98045616199106171300O1 90 11  7 10 5 94 37       0    0N    21     
W98045616199106181300O2 83 17  6  8 6 89 39       0    0N    21     
W98045616199106191300O0 78 25  6 12 6 80 27       0    0N    21     
W98045616199106201300O0 78 20  7 12 6 79 35       0    0N    21     
W98045616199106211300O0 75 22  7  6 7 78 27       0    0N    21     
W98045616199106221300O0 75 25  7 11 7 77 37       0    0N    21     
W98045616199106231300O0 76 29  6 12 7 78 35       0    0N    21     
W98045616199106241300O1 71 27  6 15 9 72 35       0    0N    21     
W98045616199106251300O1 71 31  5 15 9 73 22       0    0N    21     
W98045616199106261300O1 76 32  5  7 8 77 25       0    0N    21     
W98045616199106281300O1 70 36  5  610 77 36       0    0N    21     
W98045616199106291300O0 75 31  6 1111 77 45       0    0N    21     
W98045616199106301300O0 85 15  2  8 7 88 44       0    0N    21     
W98045616199107011300O0 94 14  6 11 6 96 37       0    0N    21     
W98045616199107021300O0 94 21  5  8 6 96 64       0    0N    21     
W98045616199107041300O1 97 23  6 12 6 97 68       0    0N    21     
W98045616199107061300O2 86 29  3  9 7 97 60       0    0N    21     
W98045616199107071300O9 81 47  8 18 8 83 52       0    0N    21     
W98045616199107081300O9 83 40  3 1411 83 60       0    0N    21     
W98045616199107111300O0 83 27  8  8 7 84 70       0    0N    21     
W98045616199107121300O0 89 24  6 12 6 92 36       0    0N    21     
W98045616199107131300O0 90 15  6 12 5 94 48       0    0N    21     
W98045616199107141300O0 92 14  5  7 5 92 50       0    0N    21     
W98045616199107151300O0 87 14  1 12 5 90 60       0    0N    21     
W98045616199107161300O0 89 18  6  7 5 89 53       0    0N    21     
W98045616199107171300O0 83 40  6  8 7 84 52       0    0N    21     
W98045616199107181300O1 76 26  6  9 9 82 50       0    0N    21     
W98045616199107191300O2 75 43  6 1210 76 48       0    0N    21     
W98045616199107201300O1 76 47  6 1210 80 46       0    0N    21     
W98045616199107211300O0 84 25  3 12 7 84 42       0    0N    21     
W98045616199107231300O0 90 25  6 14 6 91 47       0    0N    21     
W98045616199107241300O0 91 15  5 21 7 92 54       0    0N    21     
W98045616199107251300O0 85 30  6 14 7 90 60       0    0N    21     
W98045616199107261300O0 87 20  2 10 7 88 52       0    0N    21     
W98045616199107291300O1 97 11  6  5 5102 47       0    0N    21     
W98045616199107301300O1 86 34  4 10 7 88 52       0    0N    21     
W98045616199107311300O3 76 64  0  043 88 45       7  850N    21     
W98045616199108011300O1 85 43  6  412 86 58       0    0N    21     
W98045616199108021300O0 89 18  6  9 7 92 53       0    0N    21     
W98045616199108041300O0 82 19  6 12 6 82 44       0    0N    21     
W98045616199108051300O0 79 23  6  8 6 82 38       0    0N    21     
W98045616199108071300O0 86 22  2  3 6 90 46       0    0N    21     
W98045616199108081300O0 92 14  5  3 5 96 44       0    0N    21     
W98045616199108091300O0 95 17  3  7 5 96 60       0    0N    21     
W98045616199108101300O3 78 55  7  6 9 82 61       0    0N    21     
W98045616199108111300O8 72 82  7  341 86 59       0    0N    21     
W98045616199108131300O2 86 29  4  210 88 55       0    0N    21     
W98045616199108141300O1 84 32  6 1110 90 55       0    0N    21     
W98045616199108161300O2 82 39  5  910 84 46       0    0N    21     
W98045616199108171300O0 84 35  6 1110 85 54       0    0N    21     
W98045616199108181300O0 81 28  6 10 9 88 48       0    0N    21     
W98045616199108201300O0 92 13  5  8 5 94 49       0    0N    21     
W98045616199108211300O1 94 18  3  3 5 95 56       0    0N    21     
W98045616199108221300O2 90 27  6  8 5 94 58       0    0N    21     
W98045616199108251300O1 90 29  5  8 6 92 58       0    0N    21     
W98045616199108261300O0 87 34  7  5 6 89 58       0    0N    21     
W98045616199108271300O0 83 17  6  8 6 83 51       0    0N    21     
W98045616199108281300O0 85 12  6  7 5 86 54       0    0N    21     
W98045616199108301300O1 91 10  6  4 4 94 40       0    0N    21     
W98045616199108311300O1 95 13  6  6 5100 52       0    0N    21     
W98045616199109021300O9 84 46  3  5 8 90 61       0    0N    21     
W98045616199109031300O1 89 29  4  4 8 92 57       0    0N    21     
W98045616199109041300O9 79 46  8  410 92 55       0    0N    21     
W98045616199109051300O9 86 24  5  310 92 61       1   60N    21     
W98045616199109061300O2 85 36  5  6 9 90 56       0    0N    21     
W98045616199109071300O1 86 31  5  3 8 88 54       0    0N    21     
W98045616199109081300O0 85 21  6  6 6 88 85       0    0N    21     
W98045616199109091300O0 75 28  5  4 6 84 66       0    0N    21     
W98045616199109101300O0 71 31  6 14 9 78 38       0    0N    21     
W98045616199109121300O0 80 29  5  9 8 82 42       0    0N    21     
W98045616199109131300O0 83 27  4  5 7 86 47       0    0N    21     
W98045616199109161300O0 88 11  2  6 5 90 44       0    0N    21     
W98045616199109171300O0 88  9  2  5 5 92 48       0    0N    21     
W98045616199109181300O1 87 23  2  5 5 90 50       0    0N    21     
W98045616199109201300O9 79 43  3  210 90 49       0    0N    21     
W98045616199109211300O9 79 40  3  4 9 90 48       0    0N    21     
W98045616199109221300O8 81 38  4  7 9 84 63       0    0N    21     
W98045616199109231300O1 84 30  2  3 9 88 52       1   70N    21     
W98045616199109241300O1 81 36  3  5 8 90 54       0    0N    21     
W98045616199109251300O1 91 19  3  2 7 94 54       0    0N    21     
W98045616199109271300O2 85 28  6  6 8 94 53       0    0N    21     
W98045616199109281300O3 78 36  5  2 9 83 46       0    0N    21     
W98045616199109291300O1 86 20  4  4 9 86 45       0    0N    21     
W98045616199109301300O1 87 23  4  6 7 87 53       0    0N    21     
W98045616199110011300O0 88 15  7  8 7 88 52       0    0N    21     
W98045616199110021300O0 91 14  6  3 5 94 51       0    0N    21     
W98045616199110031300O0 87 14  6 11 5 94 51       0    0N    21     
W98045616199110041300O0 89 18  6  2 5 92 51       0    0N    21     
W98045616199110051300O0 90 17  6  5 5 92 50       0    0N    21     
W98045616199110061300O0 90 15  6  7 5 92 48       0    0N    21     
W98045616199110071300O0 88  5  6  6 5 94 50       0    0N    21     
W98045616199110081300O2 89 16  6  4 5 94 54       0    0N    21     
W98045616199110091300O2 82 19  2 11 5 92 52       0    0N    21     
W98045616199110101300O0 88 13  2 11 5 90 49       0    0N    21     
W98045616199110111300O3 86  9  3  4 5 90 48       0    0N    21     
W98045616199110131300O1 83 24  2  6 8 86 46       0    0N    21     
W98045616199110141300O0 88 13  2  8 7 92 48       0    0N    21     
W98045616199110151300O0 91 12  6  9 5 94 50       0    0N    21     
W98045616199110161300O0 88 15  7 14 5 88 49       0    0N    21     
W98045616199110171300O0 88 15  7 14 5 88 49       0    0N    21     
W98045616199110181300O1 86 11  2  7 5 94 43       0    0N    21     
W98045616199110191300O1 89  8  2  5 5 92 48       0    0N    21     
W98045616199110201300O0 84 12  2  6 5 86 44       0    0N    21     
W98045616199110221300O3 55 83  6  320 56 41       0    0N    21     
W98045616199110231300O3 60 51  6  316 60 47       0    0N    21     
W98045616199110241300O1 62 49  6  318 62 43       0    0N    21     
W98045616199110251300O1 59 51  6  215 60 39       0    0N    21     
W98045616199110271300O1 53 56  6  530 54 38      10  420N    21     
W98045616199110281300O0 55 20  2 1515 55 27       0    0N    21     
W98045616199110291300O0 55 43  6 1615 56 24       0    0N    21     
W98045616199110311300O0 59 10  2 11 9 61 39       0    0N    21     
W98045616199111011300O0 67 20  4  7 8 70 27       0    0N    21     
W98045616199111021300O0 73 15  6 11 8 76 35       0    0N    21     
W98045616199111031300O0 68 18  2 12 7 78 31       0    0N    21     
W98045616199111061300O0 82 19  2  9 7 86 38       0    0N    21     
W98045616199111071300O0 81 18  3  7 7 84 43       0    0N    21     
W98045616199112051300O3 62 21  3  7 8 64 32       0    0N    21     
W98045616199112061300O0 66 16  6  6 8 68 32       0    0N    21     
W98045616199112071300O1 59 21  6  5 8 68 26       0    0N    21     
W98045616199112101300O3 48100  3  952 54 43       6   80N    21     
W98045616199112121300O0 60 43  6  114 63 44       0    0N    21     
W98045616199112131300O0 66 16  2  213 66 46       0    0N    21     
W98045616199112141300O0 58 32  2 1511 68 34       0    0N    21     
W98045616199112161300O2 61 35  4  7 9 62 35       0    0N    21     
W98045616199112191300O3 43 59  6  624 50 34       2  100N    21     
W98045616199112201300O0 52 35  2  612 54 40       0    0N    21     
W98045616199112211300O0 59 33  1  310 62 42       0    0N    21     
W98045616199112271300O0 52 44  3  910 60 38       0    0N    21     
W98045616199112311300O0 48 63  2  518 50 30       0    0N    21     
W98045616199201021300O1 52 30  3 1310 54 32       0    0N    21     
W98045616199201031300O5 39 92  3  424 54 38       4   80N    21     
W98045616199201071300O7 31 91  5  150 40 31      24  380N    21     
W98045616199201091300O0 57 19  6 1812 57 24       0    0N    21     
W98045616199201111300O0 59 29  6 1512 62 36       0    0N    21     
W98045616199201121300O0 50 27  2  613 62 24       0    0N    21     
W98045616199201171300O0 65 11  0  1 9 66 44       0    0N    21     
W98045616199201181300O3 49 31  2 1810 68 37       0    0N    21     
W98045616199201231300O0 65  8  2 15 9 66 30       0    0N    21     
W98045616199201251300O1 72  6  7  5 8 74 36       0    0N    21     
W98045616199201261300O1 68 12  6  6 8 76 36       0    0N    21     
W98045616199201271300O0 66 13  2 13 8 72 29       0    0N    21     
W98045616199201281300O3 65 18  3  3 9 68 30       0    0N    21     
W98045616199201291300O1 65 15  2 11 8 68 30       0    0N    21     
W98045616199201301300O0 62 21  2 10 9 68 38       0    0N    21     
W98045616199201311300O0 64 20  2 10 7 66 44       0    0N    21     
W98045616199202021300O1 57 36  1 1510 58 30       0    0N    21     
W98045616199202051300O3 55 52  2 1010 62 23       0    0N    21     
W98045616199202061300O6 45 93  3 1643 58 27       5  260N    21     
W98045616199202091300O2 53 61  3  521 53 34       0    0N    21     
W98045616199202111300O3 49 75  4  129 56 37       1   10N    21     
W98045616199202131300O6 42 93  6 1161 42 36      24 1800N    21     
W98045616199202181300O1 55 47  4  918 58 35       0    0N    21     
W98045616199202191300O0 63 41  5  415 64 31       0    0N    21     
W98045616199203171300O2 52 60  5  416 58 36       0    0N    21     
W98045616199203181300O1 57 40  3  814 60 28       0    0N    21     
W98045616199203201300O5 54 72  4 1019 58 35       0    0N    21     
W98045616199203211300O5 48 87  8 2241 56 30      12  680N    21     
W98045616199203241300O1 57 63  3 1019 58 31       3   30N    21     
W98045616199203251300O3 56 63  3  416 60 39       0    0N    21     
W98045616199203261300O3 55 67  3  815 60 39       0    0N    21     
W98045616199204021300O2 62 44  2 1219 62 35       7  260N    21     
W98045616199204031300O0 66 44  3 1216 68 38       0    0N    21     
W98045616199204151300O1 62 53  6  811 64 30       0    0N    21     
W98045616199204161300O1 69 57  5 1610 72 45       0    0N    21     
W98045616199204171300O2 70 54  5 18 9 80 42       0    0N    21     
W98045616199204181300O0 77 30  3 10 8 78 45       0    0N    21     
W98045616199204191300O0 72 22  3  6 6 80 47       0    0N    21     
W98045616199204221300O0 71 37  6  6 8 74 40       0    0N    21     
W98045616199204231300O1 75 22  3  8 7 76 35       0    0N    21     
W98045616199204271300O0 86 18  7  6 5 89 49       0    0N    21     
W98045616199204281300O0 88 11  7  3 4 88 48       0    0N    21     
W98045616199204291300O0 80 19  7  6 4 85 47       0    0N    21     
W98045616199204301300O0 78 15  5 10 5 90 37       0    0N    21     
W98045616199205101300O1 74 53  7  610 80 70       0    0N    21     
W98045616199205111300O3 68 61  6  615 77 50       0    0N    21     
W98045616199205131300O0 80 22  7  7 7 80 39       0    0N    21     
W98045616199205151300O0 75 40  6  810 80 34       0    0N    21     
W98045616199205161300O0 84 27  6 10 6 84 37       0    0N    21     
W98045616199205171300O0 82 26  6  8 6 85 45       0    0N    21     
W98045616199206101300O0 80 35  6 14 8 89 45       0    0N    21     
W98045616199206121300O0 75 25  6 1010 84 52       0    0N    21     
W98045616199206171300O0 83 22  4  6 7 84 43       0    0N    21     
W98045616199206181300O0 83 15  6  7 6 86 42       0    0N    21     
W98045616199206211300O0 85 19  5  6 6 86 46       0    0N    21     
W98045616199206251300O0 83 22  7  8 6 90 48       0    0N    21     
W98045616199207251300O0 83 32  2  7 7 83 64       0    0N    21     
W98045616199207261300O1 92 24  6 10 7 96 54       0    0N    21     
W98045616199207291300O1 96 14  6  8 5 97 56       0    0N    21     
W98045616199207311300O3 84 49  3  8 9 90 68       0    0N    21     
W98045616199208021300O1 94 29  8  1 7 96 59       0    0N    21     
W98045616199208031300O2 94 29  6 10 7 98 62       0    0N    21     
W98045616199208251300O1 83 34  5  5 9 88 54       0    0N    21     
W98045616199208261300O0 87 18  6  2 8 91 52       0    0N    21     
W98045616199208271300O1 89 16  5  3 6 89 62       0    0N    21     
W98045616199208281300O1 88 17  5  5 6 94 56       0    0N    21     
W98045616199208311300O0 75 40  2 1011 75 40       0    0N    21     
W98045616199209011300O2 82 39  2 11 8 85 47       0    0N    21     
W98045616199209021300O3 84 32  5  5 8 85 46       0    0N    21     
W98045616199209041300O0 81  9  6  5 8 88 42       0    0N    21     
W98045616199209051300O0 87 20  2  4 6 93 35       0    0N    21     
W98045616199209061300O0 86 24  6  9 6 89 51       0    0N    21     
W98045616199209091300O3 81 30  1  5 8 85 53       0    0N    21     
W98045616199209111300O0 87 32  6  2 6 92 56       0    0N    21     
W98045616199209141300O0 86 26  6 10 6 87 48       0    0N    21     
W98045616199209151300O2 83 34  6  1 8 88 54       0    0N    21     
W98045616199209161300O0 86 34  6  6 8 90 51       0    0N    21     
W98045616199209171300O2 86 26  5 10 8 88 54       0    0N    21     
W98045616199209181300O0 85 43  6 12 8 95 65       0    0N    21     
W98045616199209191300O0 88 17  3  8 7 90 52       0    0N    21     
W98045616199209211300O1 85 43  3  8 9 91 60       0    0N    21     
W98045616199209251300O0 90 17  6  5 5 98 50       0    0N    21     
W98045616199209281300O0 91 10  2 13 5 94 56       0    0N    21     
W98045616199209301300O2 89 26  8  2 7 99 52       0    0N    21     
W98045616199210011300O1 90 25  3  3 5 90 61       0    0N    21     
W98045616199210021300O0 77 27  6 12 7 80 61       0    0N    21     
W98045616199210031300O0 75 25  5  7 7 80 75       0    0N    21     
W98045616199210041300O2 80 29  6  3 7 82 36       0    0N    21     
W98045616199210071300O1 83 13  2 10 5 92 45       0    0N    21     
W98045616199210111300O0 86 13  2 15 5 90 65       0    0N    21     
W98045616199210121300O0 87 12  3 10 5 98 50       0    0N    21     
W98045616199210131300O0 79 34  7  4 7 98 41       0    0N    21     
W98045616199210141300O0 72 82  6  510 82 41       0    0N    21     
W98045616199210151300O0 68 49  6  911 82 42       0    0N    21     
W98045616199210161300O0 78 20  6  7 8 81 42       0    0N    21     
W98045616199210181300O1 79 23  6  4 8 82 45       0    0N    21     
W98045616199210201300O1 79 23  3  7 8 84 42       0    0N    21     
W98045616199210231300O3 60 79  1  556 70 36       6  100N    21     
W98045616199210241300O6 62 75  6  325 66 36       2   10N    21     
W98045616199210271300O3 68 53  6  515 71 59       0    0N    21     
W98045616199210291300O3 55 83  5 1343 55 36       4   60N    21     
W98045616199210311300O0 64 54  6  226 66 46       8  150N    21     
W98045616199211051300O0 65 28  3  4 9 70 39       0    0N    21     
W98045616199211061300O1 67 27  2  8 8 77 37       0    0N    21     
W98045616199211071300O0 71 21  6  4 8 78 43       0    0N    21     
W98045616199211091300O3 56 68  7 1015 69 37       0    0N    21     
W98045616199211111300O0 64  7  3  8 9 64 36       0    0N    21     
W98045616199211121300O0 68 12  2 12 7 69 40       0    0N    21     
W98045616199211131300O0 70 14  2 15 7 72 52       0    0N    21     
W98045616199211141300O0 71 18  3  8 7 73 40       0    0N    21     
W98045616199211151300O2 69 22  3  7 8 71 40       0    0N    21     
W98045616199211181300O3 60 51  5  613 65 30       0    0N    21     
W98045616199211201300O1 54 37  2 1513 66 33       0    0N    21     
W98045616199211211300O1 55 20  3  8 9 55 27       0    0N    21     
W98045616199211271300O0 63 34  4  5 8 78 35       0    0N    21     
W98045616199211281300O0 60 26  2  6 8 64 31       0    0N    21     
W98045616199211301300O0 58 12  2 16 7 59 39       0    0N    21     
W98045616199212051300O1 48 63  5  442 48 33       5  150N    21     
W98045616199212151300O0 49 52  6 1018 53 28       0    0N    21     
W98045616199212171300O2 48 46  6 1219 50 25       0    0N    21     
W98045616199212201300O0 44 35  3  819 44 22       0    0N    21     
W98045616199212301300O1 48 63  7  743 50 36       4  370N    21     
W98045616199301011300O1 56 34  7  120 56 30       0    0N    21     
W98045616199301051300O2 45 37  3  818 45 26       0    0N    21     
W98045616199301061300O5 50100  6  463 50 29      16  890N    21     
W98045616199301081300O5 41 93  6 2063 51 36       5  240N    21     
W98045616199301221300O0 59 51  7  524 62 32       0    0N    21     
W98045616199301251300O1 62 18  3 1711 63 43       0    0N    21     
W98045616199301261300O1 65 25  2 13 9 66 45       0    0N    21     
W98045616199301281300O0 65 32  6  411 67 32       0    0N    21     
W98045616199301291300O0 59 79  6  513 68 30       0    0N    21     
W98045616199302021300O0 56 43  3  918 56 32       0    0N    21     
W98045616199302041300O0 59 38  3  814 60 38       0    0N    21     
W98045616199302051300O2 63 34  3  313 66 43       0    0N    21     
W98045616199302101300O1 48 75  0  045 51 35      19  240N    21     
W98045616199302111300O1 53 71  6  526 56 40       0    0N    21     
W98045616199302121300O1 56 58  6  422 58 33       0    0N    21     
W98045616199302161300O3 45 61  6 1224 45 35       1   10N    21     
W98045616199302171300O0 54 46  5  719 58 30       0    0N    21     
W98045616199302191300O5 51 88  6 1063 51 43      12  670N    21     
W98045616199302221300O1 52 60  8 1224 55 30       0    0N    21     
W98045616199302231300O3 50 70  6  830 55 29       0    0N    21     
W98045616199302241300O6 41 78  6 1063 50 23       8  840N    21     
W98045616199302251300O2 58 59  5  439 58 44       0    0N    21     
W98045616199302261300O6 43 86  0  057 50 30       3   50N    21     
W98045616199302271300O2 46 49  6  430 49 32       6  210N    21     
W98045616199302281300O1 48 24  6  426 52 40       0    0N    21     
W98045616199303031300O1 52 60  7  819 62 31       0    0N    21     
W98045616199303041300O0 65 18  1  616 66 33       0    0N    21     
W98045616199303051300O0 68 18  2  812 70 37       0    0N    21     
W98045616199303071300O0 72 19  3 1110 72 37       0    0N    21     
W98045616199303091300O1 73 18  5  3 8 73 34       0    0N    21     
W98045616199303101300O0 70 20  6  510 76 36       0    0N    21     
W98045616199303111300O0 68 21  3 1311 72 38       0    0N    21     
W98045616199303121300O1 64 20  3 1510 72 38       0    0N    21     
W98045616199303151300O1 66 33  6 1413 66 40       0    0N    21     
W98045616199303161300O1 74 30  3  411 74 38       0    0N    21     
W98045616199303231300O2 72 25  3 10 8 72 43       0    0N    21     
W98045616199304071300O0 74 24  3  711 78 40       0    0N    21     
W98045616199304111300O0 69 22  6  910 78 38       0    0N    21     
W98045616199304151300O3 67 41  6  110 72 38       0    0N    21     
W98045616199304161300O0 70 27  6  311 72 40       0    0N    21     
W98045616199304171300O1 71 27  6 1310 72 39       0    0N    21     
W98045616199304181300O0 66 36  6 1111 66 46       0    0N    21     
W98045616199705011300O0 73 57  8  7 9 78 37       0    0N    21     
W98045616199705021300O0 84  2  7  4               0    0N    21     
W98045616199705031300O1 87  1  6  4               0    0N    21     
W98045616199705041300O0 82  2  6  4               0    0N    21     
W98045616199705051300O1 86  2  6  6               0    0N    21     
W98045616199705061300O0 86  1  6  9               0    0N    21     
W98045616199705071300O0 84  2  6  6               0    0N    21     
W98045616199705081300O0 86  2  6  7               0    0N    21     
W98045616199705091300O3 75  2  1 14               0    0N    21     
W98045616199705101300O2 84  2  2  8               0    0N    21     
W98045616199705111300O1 82  2  7  5               0    0N    21     
W98045616199705121300O1 88  2  7  4               0    0N    21     
W98045616199705131300O0 89  2  6  6               0    0N    21     
W98045616199705141300O0 89  1  6  7               0    0N    21     
W98045616199705151300O0 90  2  6  5               0    0N    21     
W98045616199705161300O1 89  2  7  3               0    0N    21     
W98045616199705171300O0 88  1  7  6               0    0N    21     
W98045616199706261300O0 90 12  7  5   90 90 12  2 0    0N    21     
W98045616199706301300O1 80 12  6  7   83 48 12  9 0    0N    21     
W98045616199801281300O1 62 18  3  9   65 31 56 10 0    0N    21     
W98045616199801291300O6 47100  6  8   64 28100 16 2  150N    21     
W98045616199801301300O0 59 18  4  2   59 32100 18 2   40N    21     
W98045616199801311300O2 51 45  6  5   61 35 65 16 0    0N    21     
W98045616199802011300O2 53 62  6  7   53 31100 45 0    0N    21     
W98045616199802031300O6 41 93  2  9   61 40100 34 3  430N    21     
W98045616199802041300O6 40100  0  0   41 36100 9116  570N    21     
W98045616199802051300O3 49 63  6  1   50 33100 61 4  120N    21     
W98045616199802061300O6 41100  3  6   51 37100 61 3  160N    21     
W98045616199802071300O6 47 79  6  8   47 39100 7113  590N    21     
W98045616199802081300O6 48 78  6  9   48 41100 7212  830N    21     
W98045616199802091300O3 50 66  6  9   50 34100 66 7  630N    21     
W98045616199802101300O1 54 43  4  7   56 31100 39 0    0N    21     
W98045616199802111300O0 51 63  7  5   55 34100 40 0    0N    21     
W98045616199802121300O3 56 35  4  4   56 34 99 35 0    0N    21     
W98045616199802131300O2 26 70  6  7   58 25100 35 0    0N    21     
W98045616199802141300O6 47100  7  3   58 41100 49 3  240N    21     
W98045616199802151300O3 43 75  7  8   48 36100 73 9 1750N    21     
W98045616199802161300O3 48 70  6  9   50 28100 51 1   10N    21     
W98045616199802171300O3 38100  0  0   48 32100 7012  550N    21     
W98045616199802191300O3 45 41  8  714 57 27100 41 0    0N    21     
W98045616199802201300O2 43 38  8  518 46 28100 3812  330N    21     
W98045616199802211300O3 48 44  8 1013 48 25100 44 0    0N    21     
W98045616199802221300O6 50 50  8  540 52 25100 5012  300N    21     
W98045616199802231300O5 53 77  0  0   56 44100 7110  240N    21     
W98045616199802241300O3 40 93  0  036 53 33100 68 7 1180N    21     
W98045616199802251300O1 49 53  0  0   49 27100 52 0    0N    21     
W98045616199802261300O2 50 58  6  913 50 30100 53 0    0N    21     
W98045616199802271300O1 56 45  5  410 58 29100 43 0    0N    21     
W98045616199802281300O0 55 43  4  8   58 36 82 43 0    0N    21     
W98045616199803011300O0 61 39  4  6   61 33 84 39 0    0N    21     
W98045616199803021300O0 64 42  6  6   65 32 93 24 0    0N    21     
W98045616199803031300O3 55 70  6 10   64 34100 42 0    0N    21     
W98045616199803041300O2 54 58  6  910 55 40100 58 0    0N    21     
W98045616199803051300O1 54 57  6  911 54 38100 57 0    0N    21     
W98045616199803061300O3 41 93  6 1122 54 39100 57 7  150N    21     
W98045616199803071300O0 55 31  6  311 56 23 96 19 1   10N    21     
W98045616199803081300O0 59 33  7  4 7 59 29 79 25 0    0N    21     
W98045616199803091300O1 60 22  2 13 7 60 32 92 22 0    0N    21     
W98045616199803101300O0 64 16  2 11 6 64 41 44 15 0    0N    21     
W98045616199803111300O0 68 24  4  8 5 68 40 49 15 0    0N    21     
W98045616199803121300O2 70 19  5  2 4 70 39 62 18 0    0N    21     
W98045616199803131300O5 52 59  6  8 5 70 44 59 19 0    0N    21     
W98045616199803141300O5 45 89  6  235 52 36100 59 9  140N    21     
W98045616199803151300O1 66 47  7  611 66 36100 47 1   10N    21     
W98045616199803161300O3 50 84  7  5   67 41100 40 0    0N    21     
W98045616199803171300O1 60 72  6  610 60 44100 71 1   10N    21     
W98045616199803181300O1 62 52  4  8 9 62 43100 46 0    0N    21     
W98045616199803191300O2 64 24  4  6   64 43 59 23 0    0N    21     
W98045616199803201300O1 62 43  6  8   68 34 94 20 0    0N    21     
W98045616199803211300O1 69 41  6  6   69 34100 30 0    0N    21     
W98045616199803231300O0 71 57  8  5 4 81 40       0    0N    21     
W98045616199803241300O0 74 22  6  6   79 41 83 16 0    0N    21     
W98045616199803281300O7 32100  6 11   44 3210010021 1380N    21     
W98045616199803291300O3 42 63  6  8   42 29100 63 7  540N    21     
W98045616199803301300O3 45 63  7  4   48 22100 60 1   10N    21     
W98045616199803311300O2 45 69  6  710 50 28100 52 0    0N    21     
W98045616199804011300O3 38100  7  845 46 31100 63 5  360N    21     
W98045616199804021300O2 54 59  6  216 54 32100 59 8  180N    21     
W98045616199804031300O3 57 52  6  7   57 30100 48 0    0N    21     
W98045616199804041300O3 45 67  6  414 47 34100 52 3   80N    21     
W98045616199804051300O3 54 56  6  710 54 29100 56 0    0N    21     
W98045616199804061300O6 41100  6 11   54 35100 52 7  160N    21     
W98045616199804071300O5 41 98  7  431 47 35100 72 7  300N    21     
W98045616199804081300O0 59 50  6  710 60 28100 38 2  100N    21     
W98045616199804091300O0 65 42  6  7 5 65 32100 31 0    0N    21     
W98045616199804101300O0 68 34  6  745 69 37100 26 0    0N    21     
W98045616199804111300O3 49 67  4  6   69 34 96 25 0    0N    21     
W98045616199804121300O3 47 61  6 12   49 38100 6113  380N    21     
W98045616199804131300O3 44 73  0  013 47 32100 61 0    0N    21     
W98045616199804141300O2 45 70  0  016 45 34100 60 5  160N    21     
W98045616199804151300O3 45 69  0  0   45 34100 61 2   30N    21     
W98045616199804161300O0 57 37  0  0 8 57 26 99 33 1   10N    21     
W98045616199804181300O0 73 19  6  3 3 73 33 80 16 0    0N    21     
W98045616199804191300O0 75 24  6  6 2 75 41 79 17 0    0N    21     
W98045616199804201300O0 77 20  3 10 2 77 41 83 19 0    0N    21     
W98045616199804211300O0 79 19  4  8 1 79 46 62 17 0    0N    21     
W98045616199804221300O0 81 18  5  7 2 81 48 66 17 0    0N    21     
W98045616199804231300O0 67 42  6  8   81 38 76 16 0    0N    21     
W98045616199804241300O0 55 54  6  9   67 43100 42 0    0N    21     
W98045616199804251300O2 55 67  6  7   57 42100 54 0    0N    21     
W98045616199804261300O0 38 30  6  5   68 36100 30 2  100N    21     
W98045616199804271300O0 72 21  3  7   72 38 77 14 0    0N    21     
W98045616199804281300O1 79 16  5  3   79 39 67 13 0    0N    21     
W98045616199804291300O0 81 17  7  5   81 41 62 12 0    0N    21     
W98045616199804301300O0 79 23  6  6   82 43 68 16 0    0N    21     
W98045616199805011300O0 69 35  6  6   79 33 91 18 0    0N    21     
W98045616199805021300O0 68 44  6  7   70 35100 35 0    0N    21     
W98045616199805031300O2 64 49  6  8   69 47100 41 1   30N    21     
W98045616199805041300O3 65 52  6  7   65 45100 49 2   30N    21     
W98045616199805051300O6 51 95  6  6   65 46100 52 5  120N    21     
W98045616199805061300O2 58 64  6  7   58 44100 62 7  240N    21     
W98045616199805071300O3 53 73  7  3   60 40100 58 0    0N    21     
W98045616199805081300O2 57 67  7  5   57 43100 64 1   10N    21     
W98045616199805091300O3 56 68  7  5   57 45100 67 0    0N    21     
W98045616199805101300O3 60 51  6  9   60 40100 51 0    0N    21     
W98045616199805121300O5 45 95  3  7   51 39100 80 7   80N    21     
W98045616199805131300O6 47 91  6  5   48 36100 7312  650N    21     
W98045616199805141300O0 54 63  7  5   55 37100 62 4  170N    21     
W98045616199805151300O0 69 38  4  2   69 34100 30 0    0N    21     
W98045616199805161300O0 67 34  6  5   70 37100 34 0    0N    21     
W98045616199805171300O0 74 18  6  5   74 33 89 15 0    0N    21     
W98045616199805181300O1 77 19  6  4   79 37 91  9 0    0N    21     
W98045616199805191300O1 77 22  6  5   79 38 73  8 0    0N    21     
W98045616199805201300O1 70 30  6  5   77 35 74 12 0    0N    21     
W98045616199805211300O0 67 42  6  7   71 38100 24 0    0N    21     
W98045616199805221300O1 69 45  6  6   69 38100 37 0    0N    21     
W98045616199805231300O0 68 50  6  8   69 42100 45 0    0N    21     
W98045616199805241300O2 69 60  8  210 70 52       0    0N    21     
W98045616199805251300O3 64 62  7  6   72 50100 48 0    0N    21     
W98045616199805261300O1 56 56  6  8   64 43100 56 4   60N    21     
W98045616199805271300O0 70 35  6  5   70 37100 35 0    0N    21     
W98045616199805281300O1 74 34  6  6   74 38100 29 0    0N    21     
W98045616199805291300O3 69 43  7  5   74 40 96 34 0    0N    21     
W98045616199805301300O0 75 24  5  3   75 34100 16 0    0N    21     
W98045616199805311300O0 79 22  6  4   79 36 95 14 0    0N    21     
W98045616199806011300O0 80 26  6  6   80 39 66 14 0    0N    21     
W98045616199806031300O2 57 60  6 12   74 44100 29 0    0N    21     
W98045616199806041300O2 63 54  7  6   63 43 97 54 0    0N    21     
W98045616199806081300O2 64 61  6  5   64 47100 61 0    0N    21     
W98045616199806091300O1 71 50  6  5   71 46 97 50 0    0N    21     
W98045616199806101300O3 75 64  8  210 77 57       0    0N    21     
W98045616199806111300O3 67 50  6  8   70 49100 50 0    0N    21     
W98045616199806121300O3 74 56  8  811 74 54       0    0N    21     
W98045616199806141300O0 84 33  7  5   84 45100 29 0    0N    21     
W98045616199806151300O0 86 34  6  7   86 48 92 29 0    0N    21     
W98045616199806161300O2 64 68  7  6   86 46100 32 0    0N    21     
W98045616199806181300O0 87 21  6  7   87 52 82 11 0    0N    21     
W98045616199806191300O0 84 30  6  6   88 48 73 12 0    0N    21     
W98045616199806201300O0 81 28  7  5   84 40 96  8 0    0N    21     
W98045616199806221300O0 81 17  7  8   83 47 47 13 0    0N    21     
W98045616199806231300O0 78 15  6  8   81 43 73 11 0    0N    21     
W98045616199806271300O0 91 23  7  5   91 47 92 20 0    0N    21     
W98045616199806291300O0 93 13  7  6   93 52 55  6 0    0N    21     
W98045616199807011300O0 92 21  6  6   92 53 77 19 0    0N    21     
W98045616199807021300O0 88 29  7  6   92 48 64 20 0    0N    21     
W98045616199807031300O0 84 28  6  8   88 43 91 14 0    0N    21     
W98045616199807051300O0 88 19  6  7   90 54 59 13 0    0N    21     
W98045616199807061300O1 89 32  7  4   92 55 63 19 0    0N    21     
W98045616199807091300O0 91 30  6  5   92 56 88 30 0    0N    21     
W98045616199807101300O0 93 23  6  5   93 56 90 22 0    0N    21     
W98045616199807121300O0 97 10  7  6   99 52 51  5 0    0N    21     
W98045616199807131300O0 95  9  6  5   99 54 40  6 0    0N    21     
W98045616199807141300O0 95 15  6  5   95 47 37  7 0    0N    21     
W98045616199807161300O0104 11  4  5  104 61 56 11 0    0N    21     
W98045616199807181300O2 99 17  7  4 1103 68 39 17 0    0N    21     
W98045616199807191300O2 91 41  4 10  102 68 82 15 0    0N    21     
W98045616199807201300O3 75 59  6  2 1 93 63 90 24 2  320N    21     
W98045616199807221300O2 79 56  6  6   85 62 94 42 0    0N    21     
W98045616199807251300O1 98 20  7  5   98 56 80 11 0    0N    21     
W98045616199807261300O0102 12  6  3  102 61 61 11 0    0N    21     
W98045616199807301300O0 90 14  7  6   96 51 39 11 0    0N    21     
W98045616199807311300O0 89 11  6  6   90 44 42 10 0    0N    21     
W98045616199808011300O0 94  6  5  3 1 94 48 56  6 0    0N    21     
W98045616199808031300O0104 10  6  3  104 57 44 10 0    0N    21     
W98045616199808041300O0106  9  2  3 1106 62 37  9 0    0N    21     
W98045616199808051300O1 98 17  4  3  106 64 44  9 0    0N    21     
W98045616199808061300O1 97 30  4  5  106 61 63 11 0    0N    21     
W98045616199808081300O2 97 24  5  2   99 59 59 17 1 1000N    21     
W98045616199808091300O2 92 74  8 13 7 98 68       0    0N    21     
W98045616199808111300O1 90 40  4  6   90 63100 40 0    0N    21     
W98045616199808121300O9 75 72  5  2 1 93 65 92 35 1   10N    21     
W98045616199808131300O4 94 34  7  3   94 65 88 34 1   40N    21     
W98045616199808151300O1 92 29  7  4   97 62 88 29 1  330N    21     
W98045616199808161300O1 92 28  7  5   92 58 84 28 0    0N    21     
W98045616199808181300O0 87 13  6  6 1 87 51 78 12 0    0N    21     
W98045616199808191300O0 87 12  6  5 1 87 47 59 12 0    0N    21     
W98045616199808201300O0 92 19  6  5   92 55 51 11 0    0N    21     
W98045616199808211300O0 97 16  6  5   97 56 60 15 0    0N    21     
W98045616199808221300O1101 16  7  4  101 62 61 15 0    0N    21     
W98045616199808231300O1 94 25  8  3  101 66 62 14 0    0N    21     
W98045616199808241300O1 94 23  4  3   96 62 57  8 0    0N    21     
W98045616199808261300O0 92 23  6  5   93 58 71 21 0    0N    21     
W98045616199808271300O1 96 20  6  4   96 58 71 20 0    0N    21     
W98045616199808281300O0101 10  4  3  101 61 60 10 0    0N    21     
W98045616199808291300O2 93 39  4  9  103 71 47 10 0    0N    21     
W98045616199809041300O9 84 46  6  5   86 65 97 29 0    0N    21     
W98045616199809061300O2 84 28  2  9   89 66 67 24 0    0N    21     
W98045616199809081300O2 88 33  3  1   90 60 93 24 0    0N    21     
W98045616199809101300O0 87 23  6  4   90 52 81 18 0    0N    21     
W98045616199809111300O0 89 14  6  3 1 89 50 70  6 0    0N    21     
W98045616199809121300O0 90  6  6  3   90 47 62  4 0    0N    21     
W98045616199809131300O0 89 11  6  5   91 47 45  6 0    0N    21     
W98045616199809141300O0 93 14  6  4   93 51 43 10 0    0N    21     
W98045616199809191300O0 89 11  6  6   92 43 49  3 0    0N    21     
W98045616199809201300O0 70 50  6  7   89 42100 11 0    0N    21     
W98045616199809211300O1 69 52  6  6   72 50 99 47 0    0N    21     
W98045616199809221300O0 74 43  6  5   74 43100 40 0    0N    21     
W98045616199809231300O0 71 47  6  4   74 50 99 40 0    0N    21     
W98045616199809241300O0 72 40  6  5   73 39100 40 0    0N    21     
W98045616199809251300O0 68 41  6  7   72 46100 40 0    0N    21     
W98045616199809261300O0 63 59  7  5   69 48100 40 0    0N    21     
W98045616199809271300O0 73 37  6  5   73 48100 37 0    0N    21     
W98045616199809281300O0 76 35  6  3   76 38 99 35 0    0N    21     
W98045616199809291300O0 68 42  7  6   76 39100 35 0    0N    21     
W98045616199809301300O0 72 44  6  6   72 46100 42 0    0N    21     
W98045616199810011300O0 79 26  6  6   81 41100 21 0    0N    21     
W98045616199810021300O0 77 28  6  8   80 47 73 26 0    0N    21     
W98045616199810031300O0 68 41  7  7   77 42100 23 0    0N    21     
W98045616199810041300O0 74 37  6  6   74 47       0    0N    21     
W98045616199810051300O0 69  9  2 14   75 49 79  9 0    0N    21     
W98045616199810071300O1 83  7  7  5   84 46 24  6 0    0N    21     
W98045616199810081300O2 81  7  7  5   85 42 36  6 0    0N    21     
W98045616199810091300O0 79 11  6  7   81 37 48  7 0    0N    21     
W98045616199810111300O0 83  8  4  4   83 52 37  8 0    0N    21     
W98045616199810121300O1 85  5  3  7   85 49 36  4 0    0N    21     
W98045616199810131300O1 80 11  6  7   85 45 44  3 0    0N    21     
W98045616199810161300O0 68 36  5  3   68 40100 24 0    0N    21     
W98045616199810181300O0 74 11  4  5 1 74 38 33 10 0    0N    21     
W98045616199810201300O0 76 10  3  7   79 46 36  9 0    0N    21     
W98045616199810211300O0 75 13  4  6   76 45 43 10 0    0N    21     
W98045616199810231300O2 75 27  4  6   76 49 52 16 0    0N    21     
W98045616199810281300O0 72 29  6  4 1 73 39 90 24 0    0N    21     
W98045616199810291300O1 61 54  6  8   72 45 88 28 0    0N    21     
W98045616199810301300O1 58 54  7  5   61 44100 54 0    0N    21     
W98045616199810311300O0 68 33  6  6 1 70 35100 27 0    0N    21     
W98045616199811011300O0 68 24  6  7   70 36 80 19 0    0N    21     
W98045616199811021300O0 70 18  6  5   71 32 84 17 0    0N    21     
W98045616199811031300O0 72 22  6  3   72 35 65 15 1 1000N    21     
W98045616199811051300O0 65 31  6  7   73 35 72 15 0    0N    21     
W98045616199811061300O0 60 43  7  7   66 30100 31 0    0N    21     
W98045616199811071300O0 62 36  7  6   62 36100 36 0    0N    21     
W98045616199811091300O1 54 49  6  3   55 40100 48 2   80N    21     
W98045616199811121300O0 56 36  2 16 1 56 38100 36 3   50N    21     
W98045616199811141300O0 74 17  6  3   75 39 55  7 0    0N    21     
W98045616199812011300O3 53 66  7  5   64 35100 29 0    0N    21     
W98045616199812021300O1 56 71  7  4   56 43100 66 0    0N    21     
W98045616199812031300O1 55 69  6  8   58 34100 56 0    0N    21     
W98045616199812041300O1 46 50  6  8   55 34100 43 0    0N    21     
W98045616199812051300O1 42 65  7  6   49 31100 50 2   70N    21     
W98045616199812061300O1 40 57  7  9   46 29100 39 5  400N    21     
W98045616199812071300O1 45 14  2 12   45 27 81 14 0    0N    21     
W98045616199812081300O1 52 16  4  7   52 25 48 12 0    0N    21     
W98045616199812091300O0 46 10  2 17   55 30 58  8 0    0N    21     
W98045616199812101300O0 54  4  2 12   54 40 14  4 0    0N    21     
W98045616199812141300O0 52 39  6  6   65 36 50 13 0    0N    21     
W98045616199812271300O0 65 14  3 11   67 35 43 10 0    0N    21     
W98045616199901041300O0 60  7  4 13   63 44 14  3 0    0N    21     
W98045616199901051300O2 70  3  3 12   70 36 16  3 0    0N    21     
W98045616199901081300O0 56 10  2 16   67 32 35  3 0    0N    21     
W98045616199901121300O1 60 19  4  7   66 40 39 14 0    0N    21     
W98045616199901141300O0 64 14  3 11   66 42 29 13 0    0N    21     
W98045616199901151300O2 68  9  7  9   69 35 33  9 0    0N    21     
W98045616199901161300O1 62 35  7  8   71 38 46  9 0    0N    21     
W98045616199901171300O0 62 47  6  8   65 37 99 33 0    0N    21     
W98045616199901181300O0 66 29  7  5   67 36 93 27 0    0N    21     
W98045616199901191300O2 59 46  7  8   67 34100 29 0    0N    21     
W98045616199901221300O0 60 30  6  2   60 31100 30 0    0N    21     
W98045616199901231300O0 61 40  6 11   64 38 67 28 0    0N    21     
W98045616199901241300O3 60 51  6  3   63 40 89 38 0    0N    21     
W98045616199901251300O6 40 93  7  8   60 34100 51 5  110N    21     
W98045616199901261300O7 34100  7  4   40 32100 93 7  250N    21     
W98045616199901271300O1 44 54  2  7   44 26100 54 8  220N    21     
W98045616199901281300O0 52 34  7  5   52 27 87 22 0    0N    21     
W98045616199901291300O0 58 14  3 10   58 31 61 13 0    0N    21     
W98045616199901311300O6 42100  7  7   57 29100 14 1   40N    21     
W98045616199902011300O0 53 27  3 13   53 25100 27 1   10N    21     
W98045616199902021300O0 57 18  4 10   59 38 43 16 0    0N    21     
W98045616199902031300O0 65  7  4  6   66 33 41  6 0    0N    21     
W98045616199902041300O6 40100  4  7   69 40100  7 4   70N    21     
W98045616199902051300O6 44 94  6  2   46 33100 8012  540N    21     
W98045616199902071300O3 56 77  7  8   59 34100 70 0    0N    21     
W98045616199902091300O3 50 73  7  4   59 36100 41 0    0N    21     
W98045616199902101300O1 42 38  7  6   50 28100 38 6  160N    21     
W98045616199902121300O0 57  7  3 14   57 37 13  5 0    0N    21     
W98045616199902131300O0 65  6  4  7   65 43 15  6 0    0N    21     
W98045616199902141300O0 60 12  6 12   69 33 45  6 0    0N    21     
W98045616199902151300O0 58 37  5  6   62 33100 12 0    0N    21     
W98045616199902161300O1 56 43  6  8   58 32 93 30 0    0N    21     
W98045616199902171300O0 64 52  8  5   64 38100 41 0    0N    21     
W98045616199902201300O3 64 24  4  9   64 40100 17 0    0N    21     
W98045616199902211300O3 54 62  7  9   65 36 67 19 0    0N    21     
W98045616199902221300O0 59 13  3 13   59 29100 13 0    0N    21     
W98045616199902231300O0 69 10  4  7   69 49 28 10 0    0N    21     
W98045616199902241300O1 68 10  4  7   71 37 40  9 0    0N    21     
W98045616199902251300O1 62 27  7  7   70 35 42  9 0    0N    21     
W98045616199902261300O1 59 40  7  7   62 36100 27 0    0N    21     
W98045616199902271300O0 71 28  6  6   72 35 85 18 0    0N    21     
W98045616199902281300O0 77 10  6  9   78 38 55  7 0    0N    21     
W98045616199903021300O0 77  9  7  6   77 36 67  6 0    0N    21     
W98045616199903031300O0 67 27  7 10   77 36 59  8 0    0N    21     
W98045616199903041300O3 49 74  8  6   67 41100 27 2   30N    21     
W98045616199903051300O0 62 44  6 10   62 31100 32 0    0N    21     
W98045616199903061300O0 53 58  6  9   62 31100 37 0    0N    21     
W98045616199903071300O6 38100  7  6   54 33100 55 4   50N    21     
W98045616199903081300O2 55 48  6  9   56 27100 38 1   10N    21     
W98045616199903091300O3 48 66  7 11   56 32100 40 0    0N    21     
W98045616199903101300O1 52 49  7  8   52 25100 49 0    0N    21     
W98045616199903111300O6 38 96  8  6   52 33100 49 3   50N    21     
W98045616199903121300O0 61 29  7  4   61 27100 29 0    0N    21     
W98045616199903131300O0 68  8  4  6   68 32 50  7 0    0N    21     
W98045616199903141300O2 69 10  5  6   69 35 56  8 0    0N    21     
W98045616199903151300O5 40100  7  7   69 36100 10 3  100N    21     
W98045616199903161300O3 49 55  7  6   49 29100 53 1   70N    21     
W98045616199903171300O0 56 53  7  6   56 31100 53 0    0N    21     
W98045616199903181300O0 65 31  4  7   65 39100 31 0    0N    21     
W98045616199903191300O1 64 34  4 13   69 37 82 31 0    0N    21     
W98045616199903201300O3 56 62  7  9   65 32100 32 0    0N    21     
W98045616199903211300O0 61 28  6 11   61 30100 28 0    0N    21     
W98045616199903221300O0 69 28  6  8   69 27100 12 0    0N    21     
W98045616199903231300O3 48 75  8  5   69 38100 28 0    0N    21     
W98045616199903241300O0 64 37  6  6   64 28100 37 0    0N    21     
W98045616199903251300O3 54 40  6 10   65 31 88 37 0    0N    21     
W98045616199903271300O1 61 57  7  8   67 35100 26 0    0N    21     
W98045616199903281300O2 72 20  7  7   72 34100 18 0    0N    21     
W98045616199903291300O0 77 16  6  5   77 45 76 15 0    0N    21     
W98045616199903301300O0 63 16  7 12   77 33 60 13 0    0N    21     
W98045616199903311300O7 41100  7 12   63 37100 16 1   40N    21     
W98045616199904021300O2 45 59  7 10   46 23100 59 3   90N    21     
W98045616199904031300O0 42 76  7 12   49 29100 51 0    0N    21     
W98045616199904041300O0 50 53  8  4   50 27100 53 6  370N    21     
W98045616199904051300O0 57 37  7  7   57 26100 36 0    0N    21     
W98045616199904061300O3 45 71  7  2   57 29100 36 0    0N    21     
W98045616199904071300O0 41 89  7 14   46 33100 7011  270N    21     
W98045616199904081300O3 45 79  7  7   47 31100 71 5   80N    21     
W98045616199904091300O0 49 44  7  3   49 28100 44 3   50N    21     
W98045616199904101300O0 58 16  4  7   58 28 99 16 0    0N    21     
W98045616199904111300O3 50 47  7  5   62 31 84 14 0    0N    21     
W98045616199904121300O5 49 52  7  8   50 37100 4711  230N    21     
W98045616199904131300O2 61 69  7  6   61 37100 52 7   90N    21     
W98045616199904141300O0 77 16  3  9   77 43100 16 0    0N    21     
W98045616199904151300O0 75  4  3 11   79 61 20  4 0    0N    21     
W98045616199904161300O1 75  5  3 13   75 52 15  3 0    0N    21     
W98045616199904171300O0 78  3  4 10   78 46 19  3 0    0N    21     
W98045616199904191300O0 85 10  7  8   86 45 48  7 0    0N    21     
W98045616199904201300O0 74 28  7 10   85 50 35 10 0    0N    21     
W98045616199904211300O1 63 55  7  7   75 42100 27 0    0N    21     
W98045616199904221300O3 49 84  7 11   64 44100 54 0    0N    21     
W98045616199904231300O3 52 56  8  5   53 38100 56 1   10N    21     
W98045616199904241300O5 45 96  7  7   52 37100 56 8  210N    21     
W98045616199904251300O0 64 50  8  5   65 41100 49 0    0N    21     
W98045616199904261300O0 74 26  7 10   75 41100 22 0    0N    21     
W98045616199904281300O3 45 62  7 14   71 34100 26 0    0N    21     
W98045616199904291300O3 44 70  7  5   47 35100 49 3   80N    21     
W98045616199905011300O0 64 52  7  7   64 33100 52 1   10N    21     
W98045616199905021300O1 64 45  7 10   66 37100 38 0    0N    21     
W98045616199905031300O3 43100  7  9   64 40100 39 4   40N    21     
W98045616199905041300O1 60 56  7  8   60 40100 56 1   10N    21     
W98045616199905051300O0 76 19  5  6   76 38100 19 0    0N    21     
W98045616199905061300O1 83 17  8  5   83 42 76 12 0    0N    21     
W98045616199905071300O0 78 23  7  8   84 44 65 15 0    0N    21     
W98045616199905091300O0 64 49  8  6   71 43100 20 0    0N    21     
W98045616199905101300O0 70 47  7  7   70 45100 45 0    0N    21     
W98045616199905111300O0 79 20  3  9   79 42100 20 0    0N    21     
W98045616199905131300O0 71 40  7 11   82 43 81 20 0    0N    21     
W98045616199905141300O0 70 38  7  8   72 45100 38 0    0N    21     
W98045616199905151300O0 64 35  7  9   71 43100 34 0    0N    21     
W98045616199905161300O0 72 34  7  9   72 40100 33 0    0N    21     
W98045616199905171300O0 82  8  4  7   82 41 75  8 0    0N    21     
W98045616199905181300O0 80 18  7  8   82 47 63  8 0    0N    21     
W98045616199905211300O0 65 45  7  9   72 35100 13 0    0N    21     
W98045616199905231300O1 74 35  7  7   74 39100 35 0    0N    21     
W98045616199905241300O1 78 24  7  9   79 44 96 21 0    0N    21     
W98045616199905251300O1 80 31  7 10   81 45 95 24 0    0N    21     
W98045616199905261300O1 87 26  7  6   87 47 87 26 0    0N    21     
W98045616199905301300O0 71 34  7  8   80 36100  8 0    0N    21     
W98045616199905311300O0 76 16  7  9   76 35100  5 0    0N    21     
W98045616199906021300O6 46100  7  8   62 46100 30 7   90N    21     
W98045616199906031300O2 55 56  7  8   56 41100 51 0    0N    21     
W98045616199906051300O0 72 28  7  9   72 34100 23 0    0N    21     
W98045616199906061300O0 79 22  7 10   81 45 91 22 0    0N    21     
W98045616199906071300O0 76 11  7 10   79 40 73 11 0    0N    21     
W98045616199906081300O0 75 22  8  7   77 39 73 10 0    0N    21     
W98045616199906101300O0 72 29  7  9   75 39 82 27 1 1000N    21     
W98045616199906111300O0 78 24  7  9   78 43100 24 0    0N    21     
W98045616199906121300O0 86 21  7  6   86 47 74 12 0    0N    21     
W98045616199906131300O0 93  7  5  7   93 49 66  7 0    0N    21     
W98045616199906151300O0 94 16  7 10   94 78 21 11 0    0N    21     
W98045616199906161300O0 92 11  7  7   94 56 29  5 0    0N    21     
W98045616199906171300O0 90 17  8  9 1 92 54 40  9 0    0N    21     
W98045616199906181300O0 92 14  7  7   92 52 58 12 0    0N    21     
W98045616199906211300O1 85 13  7  8   95 52 62  7 0    0N    21     
W98045616199906231300O0 88 16  7  8   90 50 50 11 0    0N    21     
W98045616199906241300O0 90  8  8  6   90 50 42  4 0    0N    21     
W98045616199906251300O0 88 17  8  8   90 50 32  5 0    0N    21     
W98045616199906261300O0 87  4  7  9   88 53 57  3 0    0N    21     
W98045616199906271300O0 89  8  7  8   89 51 30  4 0    0N    21     
W98045616199906281300O0 92 58  8  4 4 92 54       0    0N    21     
W98045616199906291300O0 95  8  7  8   95 56 43  6 0    0N    21     
W98045616199906301300O0 93 14  7  9   98 59 46  8 0    0N    21     
W98045616199907021300O0 86 18  7 10   91 61 46 15 0    0N    21     
W98045616199907031300O0 84 26  7  9   87 47 74 14 0    0N    21     
W98045616199907041300O0 87 20  7  9   87 48 75 19 0    0N    21     
W98045616199907141300O1 86 43  7  9   86 61100 43 1   10N    21     
W98045616199907151300O1 85 37  8  6   86 57100 37 0    0N    21     
W98045616199907161300O0 88 30  8  5   88 55 92 30 0    0N    21     
W98045616199907171300O0 90 15  1  4   90 56 83 14 0    0N    21     
W98045616199907181300O2 90 18  8  4   91 56 69 13 0    0N    21     
W98045616199907191300O0 84 16  8  8   90 52 71 16 0    0N    21     
W98045616199907201300O0 83 19  7  9   85 54 66 16 0    0N    21     
W98045616199907211300O0 86  9  7  7   86 47 71  9 0    0N    21     
W98045616199907221300O0 90  7  7  7   90 50 50  5 0    0N    21     
W98045616199907261300O0 93 10  7  8   94 54 36  8 0    0N    21     
W98045616199907271300O1 85 40  5 15   94 56 54  9 0    0N    21     
W98045616199907281300O2 83 41  2  3   87 65 77 33 0    0N    21     
W98045616199907291300O1 89 23  7  7   89 60100 22 4   50N    21     
W98045616199907301300O0 90 18  8  8   90 56 58 14 0    0N    21     
W98045616199907311300O0 89 21  7  6   91 55 60 18 0    0N    21     
W98045616199908061300O0 79 22  8  7   84 44 52 16 0    0N    21     
W98045616199908071300O0 81 24  8  7   81 41 80 12 0    0N    21     
W98045616199908091300O0 84 26  7  8   85 50 69 24 0    0N    21     
W98045616199908111300O0 80 31  8  9   80 45 91 23 0    0N    21     
W98045616199908121300O0 91 19  2  3   91 48 82 19 0    0N    21     
W98045616199908131300O0 94 17  8  5   94 57 59 14 0    0N    21     
W98045616199908151300O0 89  7  8  8   89 44 37  3 0    0N    21     
W98045616199908161300O0 95 11  8  5   95 53 33  7 0    0N    21     
W98045616199908171300O2 96 15  8  5   96 64 40 11 0    0N    21     
W98045616199908181300O1 96 13  8  6   99 60 48  8 0    0N    21     
W98045616199908191300O1 92 20  5 12   96 58 43 13 0    0N    21     
W98045616199908211300O0 95 14  8  7   95 59 54 14 0    0N    21     
W98045616199908231300O9 93 23  5 11   95 65 42 17 0    0N    21     
W98045616199908261300O1 94 19  4  6   99 65 42 16 0    0N    21     
W98045616199908271300O1 99 16  8  5   99 62 47 15 0    0N    21     
W98045616199908301300O0 89  9  8  8   97 53 25  3 0    0N    21     
W98045616199909031300O1 75 34  8  8   75 40 99 26 0    0N    21     
W98045616199909081300O2 98  9  1  5   98 52 47  8 0    0N    21     
W98045616199909091300O1 90 21  8  3   98 65 50  9 0    0N    21     
W98045616199909101300O2 88 25  8  7   92 65 43 21 0    0N    21     
W98045616199909111300O0 88 20  7  7   88 55 39 14 0    0N    21     
W98045616199909121300O0 93 27  7  6   93 61 61 20 0    0N    21     
W98045616199909151300O0 90  4  5  6   90 47 24  4 0    0N    21     
W98045616199909251300O0 86 26  1  1   88 51 97 26 0    0N    21     
W98045616199909261300O1 89 23  8  4   90 53 71 18 0    0N    21     
W98045616199909271300O0 88 23  8  5   89 50 67 17 0    0N    21     
W98045616199909281300O0 86 14  4 15   88 64 50 14 0    0N    21     
W98045616199909291300O0 86  6  5 10   87 67 14  5 0    0N    21     
W98045616199909301300O0 93  4  8  7   93 58 17  4 0    0N    21     
W98045616199910011300O0 89  8  8  7 1 94 49 30  3 0    0N    21     
W98045616199910021300O0 86  8  1  7   89 50 46  7 0    0N    21     
W98045616199910031300O0 85  5  8  8   86 45 44  3 0    0N    21     
W98045616199910041300O1 87  8  8  8 1 88 46 30  5 0    0N    21     
W98045616199910061300O0 66 45  8 10   82 43 52 18 0    0N    21     
W98045616199910101300O0 88 10  5  6   88 51 35 10 0    0N    21     
W98045616199910111300O0 90 11  8  5   90 52 34 10 0    0N    21     
W98045616199910121300O0 92  9  2  3   92 52 34  7 0    0N    21     
W98045616199910131300O0 90  5  6  4   92 52 26  5 0    0N    21     
W98045616199910161300O0 81  6  4 10   81 46 82  6 0    0N    21     
W98045616199910191300O0 78  8  4 14   78 47 15  3 0    0N    21     
W98045616199910201300O0 77  8  6 12   78 58 14  7 0    0N    21     
W98045616199910211300O1 82  5  5  9   82 55 17  5 0    0N    21     
W98045616199910221300O1 81  7  6  8   82 45 23  5 0    0N    21     
W98045616199910231300O1 82  8  8  7   83 47 24  7 0    0N    21     
W98045616199910241300O0 81 24  8  7   83 45 40  8 0    0N    21     
W98045616199910251300O0 83 17  1  6   83 48 60 15 0    0N    21     
W98045616199910291300O0 73  7  4 15 1 77 42 92  7 0    0N    21     
W98045616199910301300O0 73  5  5 14   75 58 12  4 0    0N    21     
W98045616199910311300O0 75  5  6 10   75 46 13  3 0    0N    21     
W98045616199911021300O0 79  4  6  9   82 45 15  4 0    0N    21     
W98045616199911031300O0 82  7  1  3   83 42 25  4 0    0N    21     
W98045616199911041300O0 76  6  6  8   82 48 24  5 0    0N    21     
W98045616199911051300O1 72 13  6 11   77 49 26  6 0    0N    21     
W98045616199911061300O3 71 15  6  9   72 54 30 13 0    0N    21     
W98045616199911081300O5 54100  1  7   65 42100 41 3   60N    21     
W98045616199911091300O1 71 35  3  3   71 31100 32 0    0N    21     
W98045616199911101300O0 74 16  8  3   75 33 65  9 0    0N    21     
W98045616199911131300O0 80 14  5  7   82 45 45 13 0    0N    21     
W98045616199911201300O2 59 68  6 10   67 37100 14 1   10N    21     
W98045616199911211300O1 54 46  4 15   59 40100 46 0    0N    21     
W98045616199911221300O0 54 11  5  8   54 34100  8 0    0N    21     
W98045616199911231300O0 58  7  7  9   59 24 23  7 0    0N    21     
W98045616199911281300O2 65 12  7  8   68 38 44 12 0    0N    21     
W98045616199911291300O1 70  5  0  0   70 49 28  5 0    0N    21     
W98045616199912011300O1 58 26  3 10   69 34 50 15 0    0N    21     
W98045616199912041300O0 54 14  5  7   57 42 15  7 0    0N    21     
W98045616199912051300O2 55 17  3  8   55 32 29 13 0    0N    21     
W98045616199912061300O2 60 45  8  2 4 75 33       0    0N    21     
W98045616199912071300O0 59 24  3 10   62 32 33 11 0    0N    21     
W98045616199912081300O0 52 13  3  7   59 24 80 12 0    0N    21     
W98045616199912141300O0 51 15  4 13   56 31 51 11 0    0N    21     
W98045616199912191300O0 64 11  4 14   67 39 34  7 0    0N    21     
W98045616199912201300O0 66 14  6 12   67 53 27 11 0    0N    21     
W98045616199912261300O0 56 21  2  6   59 41 29 15 0    0N    21     
W98045616199912271300O0 57 27  2  9   58 40 44 21 0    0N    21     
W98045616200001021300O1 42 53  3 13   42 34100 53 5  280N    21     
W98045616200001051300O0 61 10  1  8   64 33 59  7 0    0N    21     
W98045616200001061300O0 57  7  6  8   61 40 24  4 0    0N    21     
W98045616200001081300O1 59 10  3  4   59 27 34  4 0    0N    21     
W98045616200001091300O1 63 12  3  4   63 28 39  8 0    0N    21     
W98045616200001101300O0 62 23  2  8   63 34 59 12 0    0N    21     
W98045616200001111300O1 65 25  5 12   66 36 52 21 0    0N    21     
W98045616200001121300O0 61 38  4  8   65 35 98 25 0    0N    21     
W98045616200001131300O1 67 17  1  8   67 32 87 17 0    0N    21     
W98045616200001141300O1 72  5  1  8   75 41 35  4 0    0N    21     
W98045616200001151300O1 70  6  5  7   72 43 33  4 0    0N    21     
W98045616200001181300O1 66 38  8  9   68 47100 30 0    0N    21     
W98045616200001191300O0 66 45  8  7   66 42100 40 0    0N    21     
W98045616200001211300O3 58 61  4 10   61 43100 61 0    0N    21     
W98045616200001221300O3 58 52  8 1010 69 50       0    0N    21     
W98045616200001231300O1 62 44  1 10   63 34 85 31 0    0N    21     
W98045616200001241300O1 64 43  2  9   64 44 92 43 0    0N    21     
W98045616200001251300O5 50100  2  4   64 43100 43 5  100N    21     
W98045616200001261300O2 51 66  3 11   51 41100 66 8  190N    21     
W98045616200001271300O0 60 18  2  7   61 30100 17 0    0N    21     
W98045616200001281300O0 55 33  3 10   60 30 98 18 0    0N    21     
W98045616200001291300O0 58 22  7  5   58 36 55 22 0    0N    21     
W98045616200001311300O3 47 87  3  7   54 43100 60 7  130N    21     
W98045616200002011300O0 65 33  6  7   65 36100 33 0    0N    21     
W98045616200002041300O3 60 34  7  8   66 33 68 10 0    0N    21     
W98045616200002051300O1 59 57  7  7   60 38100 34 0    0N    21     
W98045616200002061300O0 67 26  7  8   67 29100 25 0    0N    21     
W98045616200002071300O0 68 18  8  8   68 48 39 18 0    0N    21     
W98045616200002091300O2 60 49  7 11   64 40 78 26 0    0N    21     
W98045616200002101300O1 50 80  3 10   60 40100 49 1 1000N    21     
W98045616200002141300O5 54 85  3 11   54 43100 8510  130N    21     
W98045616200002151300O2 65 39  2  5   66 34100 26 0    0N    21     
W98045616200002161300O8 47100  3 11   65 41100 35 2  140N    21     
W98045616200002181300O3 52 49  1 11   52 30100 45 0    0N    21     
W98045616200003011300O0 56 54  4  7   58 38100 47 0    0N    21     
W98045616200003021300O0 62 35  5  5   63 32100 30 0    0N    21     
W98045616200003031300O3 53 48  4  6   62 38100 35 0    0N    21     
W98045616200003041300O3 38100  7  8   53 38100 48 2   50N    21     
W98045616200003051300O6 39100  2  6   40 3410010015  440N    21     
W98045616200003071300O6 43 82  1  9   45 27100 62 0    0N    21     
W98045616200003101300O0 61 36  3  9   61 30100 28 0    0N    21     
W98045616200003121300O0 71 21  2  6   72 36 68 17 0    0N    21     
W98045616200003151300O0 74 26  7  9   76 40 84 22 0    0N    21     
W98045616200003161300O0 77 22  2  3   77 42 89 22 0    0N    21     
W98045616200003181300O0 76 10  2  5   76 40 51  6 0    0N    21     
W98045616200003191300O1 71 24  6 12   76 42 65 10 0    0N    21     
W98045616200003231300O1 62 22  3 12   63 33 71 19 0    0N    21     
W98045616200003241300O1 71 15  8  3   71 34 77 15 0    0N    21     
W98045616200003251300O2 67 35  6  8   72 35 66 15 0    0N    21     
W98045616200003261300O0 71 31  5  7   72 37100 20 0    0N    21     
W98045616200003291300O3 56 60  1  5   56 41100 60 0    0N    21     
W98045616200003311300O0 62  8  1 16   68 50 80  6 0    0N    21     
W98045616200004041300O0 81 16  8  6   81 43 64 14 0    0N    21     
W98045616200004051300O0 76 13  5 10   81 43 55 13 0    0N    21     
W98045616200004071300O0 81 19  2  6   82 40 96 11 0    0N    21     
W98045616200004211300O2 57 60  8 11   75 40 99 15 0    0N    21     
W98045616200004221300O3 57 71  4  9   57 44100 60 1   10N    21     
W98045616200004241300O0 81 16  2  7   81 37100 16 0    0N    21     
W98045616200004251300O0 85 22  2  5   85 44 81 14 0    0N    21     
W98045616200004261300O0 87 20  6  8   88 47 82 12 0    0N    21     
W98045616200004281300O0 65 42  8 11   83 41 90 18 1 1000N    21     
W98045616200005011300O0 85 14  5 10   86 42 61  7 0    0N    21     
W98045616200005031300O0 84 20  4  6   85 45 76 14 0    0N    21     
W98045616200005041300O0 85 22  4  7   85 45 87 18 0    0N    21     
W98045616200005051300O2 76 36  2  9   85 42 99 21 0    0N    21     
W98045616200005061300O0 74 29  2 10   76 40100 10 0    0N    21     
W98045616200005081300O4 67 63  1 10   72 49100 43 0    0N    21     
W98045616200005111300O0 63 25  3 12   68 42100 25 0    0N    21     
W98045616200005151300O0 67 18  7 12   76 42 38  3 0    0N    21     
W98045616200005161300O1 54 56  2 13   68 42100 18 1   20N    21     
W98045616200005171300O0 72 33  3  8   72 36100 33 0    0N    21     
W98045616200005181300O0 80 20  6  2   80 41100 20 0    0N    21     
W98045616200005191300O2 86 15  8  4   86 46 75 15 0    0N    21     
W98045616200005211300O1 95  9  4  4   95 54 49  9 0    0N    21     
W98045616200005221300O1 95  8  6 11   96 56 41  8 0    0N    21     
W98045616200005231300O1 90 31  8  8   95 56 58  8 0    0N    21     
W98045616200005251300O3 56100  2  8   76 51100 50 0    0N    21     
W98045616200005261300O0 84 36  4  3   85 50100 25 0    0N    21     
W98045616200005271300O0 91 18  6  8   91 56 79 18 0    0N    21     
W98045616200005311300O0 83 11  2  9   85 46 70  5 0    0N    21     
W98045616200006011300O0 87  9  4  8   87 42 74  3 0    0N    21     
W98045616200006021300O0 88  6  7  7   88 48 25  3 0    0N    21     
W98045616200006031300O0 87  6  3  8   88 51 18  3 0    0N    21     
W98045616200006051300O0 85 15  2 11   88 55 35 11 0    0N    21     
W98045616200006081300O3 61 56  1 12   84 49 56 11 0    0N    21     
W98045616200006111300O1 84 27  2  9 1 84 47 83 15 0    0N    21     
W98045616200006131300O0 97  8  2  7   97 55 49  8 0    0N    21     
W98045616200006141300O0 99 10  5  6   99 61 58  8 0    0N    21     
W98045616200006161300O0 87 31  4  9   95 52 77 16 0    0N    21     
W98045616200006171300O0 88 36  6 10 1 88 52 93 31 0    0N    21     
W98045616200006201300O0 91 20  4  6   92 48 62 16 0    0N    21     
W98045616200006211300O1 85 28  2  9   91 58 74 20 0    0N    21     
W98045616200006221300O2 82 30  7  6   90 59 74 28 1 1000N    21     
W98045616200006231300O1 85 25  4  9   87 55 43 21 0    0N    21     
W98045616200006251300O3 73 53  1  4 1 90 57 60 21 0    0N    21     
W98045616200006271300O1 92 21  4  5   92 55 67 21 0    0N    21     
W98045616200006281300O1 95 16  1  3   95 57 59 14 0    0N    21     
W98045616200006291300O1 93 18  1  7   95 59 52 16 0    0N    21     
W98045616200007011300O0 86 11  6 10   87 52 52 10 0    0N    21     
W98045616200007031300O0 78 23  3 12   87 50 48  7 0    0N    21     
W98045616200007051300O0 82 14  7  9   82 42 60 11 0    0N    21     
W98045616200007061300O0 84 15  7  8   84 43 70 13 0    0N    21     
W98045616200007071300O0 83 22  7  9   85 45 60 13 0    0N    21     
W98045616200007121300O0 89 20  6  7   89 53 65 17 0    0N    21     
W98045616200007141300O2 90 10  4 10 1 93 58 48  9 0    0N    21     
W98045616200007181300O0100  6  3  6  100 56 36  5 0    0N    21     
W98045616200007201300O0 99  6  5  9   99 57 27  3 0    0N    21     
W98045616200007211300O0 98 11  4  9  100 58 21  3 0    0N    21     
W98045616200007221300O0 94 13  5  9   98 61 40 10 0    0N    21     
W98045616200007241300O0 94 12  8 11   95 60 31  4 0    0N    21     
W98045616200007261300O0 96 11  7  7   96 58 34 10 0    0N    21     
W98045616200007271300O0 98  7  5  5 1 98 57 31  3 0    0N    21     
W98045616200007301300O0101 11  4  5 1101 61 34  9 0    0N    21     
W98045616200008041300O9 95 22  7  9 1 95 59 64 22 0    0N    21     
W98045616200008071300O0 90 10  5  8   94 55 56  6 0    0N    21     
W98045616200008091300O0 91 10  4 14   91 54 37  9 0    0N    21     
W98045616200008161300O9 87 23  2  2   96 63 56 23 0    0N    21     
W98045616200008171300O0 92 22  1 10 1 92 61 73 22 0    0N    21     
W98045616200008181300O1 90 24  7  9   92 60 63 22 0    0N    21     
W98045616200008211300O0 87 12  7  7   88 47 34  4 0    0N    21     
W98045616200008241300O9 66 50  5  9   95 66 59 18 1  110N    21     
W98045616200008251300O9 76 56  0  0   85 63100 47 2  380N    21     
W98045616200008261300O0 88 34  7  9 1 88 59100 32 0    0N    21     
W98045616200008271300O9 86 30  7  8   88 59 88 30 0    0N    21     
W98045616200008281300O9 75 64  2  4   86 63100 30 2  370N    21     
W98045616200008301300O3 70 86  7  6   77 57100 66 3 1190N    21     
W98045616200009011300O1 67 55  3 10   76 47100 34 0    0N    21     
W98045616200009031300O0 80 27  6  5   80 43100 27 0    0N    21     
W98045616200009041300O0 84 14  6  8   84 43 93  9 0    0N    21     
W98045616200009061300O1 90  8  4  7   90 49 49  3 0    0N    21     
W98045616200009071300O9 68 62  4  3   91 62 80  8 2  100N    21     
W98045616200009081300O0 87 18  4  6   87 52 99 18 4  160N    21     
W98045616200009101300O0 90  6  5  6 1 90 45 57  4 0    0N    21     
W98045616200009111300O0 92 12  6  5   92 51 34  4 0    0N    21     
W98045616200009121300O0 95 18  5  3   95 57 46 12 0    0N    21     
W98045616200009131300O0 96  9  8  9   96 59 62  9 0    0N    21     
W98045616200009151300O0 99 14  3  5   99 59 61 13 0    0N    21     
W98045616200009161300O0 95 17  4  7 1 99 64 46 14 0    0N    21     
W98045616200009171300O1 96 16  2  7   97 60 47 14 0    0N    21     
W98045616200009181300O1 97 15  4  6 1 97 59 76 15 0    0N    21     
W98045616200009201300O1 92 26  4  7   95 59 47 14 0    0N    21     
W98045616200009211300O0 71 58  8 10   92 48100 26 0    0N    21     
W98045616200009221300O3 57 97  7 12   71 51 97 58 0    0N    21     
W98045616200009241300O0 78 26  2  8   78 42100 26 0    0N    21     
W98045616200009251300O0 85 12  7  5   85 43 59 12 0    0N    21     
W98045616200009261300O0 84 20  6  9   87 50 42 10 0    0N    21     
W98045616200009271300O0 82 33  1  7   84 50 70 20 0    0N    21     
W98045616200009281300O0 78 41  8  9   82 50 79 28 0    0N    21     
W98045616200010011300O0 88 22  4  9   90 54 66 11 0    0N    21     
W98045616200010021300O0 84 23  6  8   88 54 76 22 0    0N    21     
W98045616200010031300O0 82 31  2  8   84 50 82 23 0    0N    21     
W98045616200010041300O3 66 84  6  7   82 50100 31 0    0N    21     
W98045616200010051300O0 81 36  0  0   81 51100 36 0    0N    21     
W98045616200010101300O0 56 45  6 14   78 46100 25 0    0N    21     
W98045616200010111300O3 50 96  7  6   56 41100 42 4   80N    21     
W98045616200010121300O3 56 60  7  9   56 40100 60 0    0N    21     
W98045616200010131300O0 69 26  2  5   69 33100 26 0    0N    21     
W98045616200010141300O0 72 18  6  7   74 40 80 18 0    0N    21     
W98045616200010181300O2 70 34  4  5   76 55 41 17 0    0N    21     
W98045616200010191300O0 76 27  2 11   77 46 93 27 0    0N    21     
W98045616200010201300O0 77 24  7  2   80 50 65 23 0    0N    21     
W98045616200010211300O3 57 75  4  7   78 44100 24 0    0N    21     
W98045616200010221300O3 55 34  5 14   62 45100 34 0    0N    21     
W98045616200010241300O0 65 48  6  7   66 47100 48 1   10N    21     
W98045616200010251300O3 66 45  6  1   68 40100 42 0    0N    21     
W98045616200010261300O1 48100  5  5   66 33100 45 1   10N    21     
W98045616200010271300O5 50 81  6  5   52 39100 74 3   30N    21     
W98045616200010281300O3 52 83  1  7   52 43100 81 3  120N    21     
W98045616200010301300O3 47 70  7  9   55 41100 61 9  240N    21     
W98045616200010311300O1 53 60  2  1   55 37100 59 0    0N    21     
W98045616200011011300O1 61 30  5  7   63 31100 27 0    0N    21     
W98045616200011021300O0 63 22  5  5   64 37 84 22 0    0N    21     
W98045616200011031300O3 55 27  6 11   63 48 33 22 0    0N    21     
W98045616200012051300O0 70 19  4  2   70 44 42 19 0    0N    21     
W98045616200012081300O2 53 70  7  9   65 35100 39 0    0N    21     
W98045616200012141300O3 50 65  5  9   51 29100 55 0    0N    21     
W98045616200012261300O0 57 13  5  6   58 43 23  8 0    0N    21     
W98045616200012271300O0 58 14  7  5   58 45 18 12 0    0N    21     
W98045616200012281300O1 65  8  8  5   69 32 28  8 0    0N    21     
W98045616200012291300O0 68 13  8  8   69 44 20  8 0    0N    21     
W98045616200101021300O0 60 14  8 16   64 40 22 12 0    0N    21     
W98045616200101031300O0 60 11  8  9   60 46 19 11 0    0N    21     
W98045616200101041300O1 66  8  1  6   67 47 17  8 0    0N    21     
W98045616200101121300O7 36 92  2  2   43 27100 8514  650N    21     
W98045616200101171300O0 45 41  0  0   45 30 77 35 0    0N    21     
W98045616200101201300O0 57 30  0  0   57 31 83 26 0    0N    21     
W98045616200106121300O1 73 44  6  9   84 47 73 17 0    0N    21     
W98045616200106141300O0 82  9  4 10   83 52 85  9 0    0N    21     
W98045616200106151300O0 91 11  4  6   91 48 50  9 0    0N    21     
W98045616200106181300O0 94  7  6  9   96 51 31  3 0    0N    21     
W98045616200106191300O0 92  8  6 11   95 52 44  5 0    0N    21     
W98045616200106261300O1 82 15  6  9   84 49 51 10 0    0N    21     
W98045616200106291300O0 94 18  6  8   94 50 59 14 0    0N    21     
W98045616200106301300O0 97 19  6  8   97 58 51 17 0    0N    21     
W98045616200107051300O3 78 62  4  4   90 63 87 35 0    0N    21     
W98045616200107171300O0 84 14  6  6   84 44 56 12 0    0N    21     
W98045616200107241300O0 85 19  6  9   87 46 47 12 0    0N    21     
W98045616200107261300O1 94 17  4  6   94 53 72 17 0    0N    21     
W98045616200107271300O0 97 10  4  4   97 60 59 10 0    0N    21     
W98045616200107301300O0 84 16  6 11   92 55 73 13 0    0N    21     
W98045616200107311300O0 86 27  6  7   86 48 31 10 0    0N    21     
W98045616200108011300O0 90 21  3  9   90 52 69 21 0    0N    21     
W98045616200108051300O1 92 26  4  8   94 56 26  6 0    0N    21     
W98045616200108091300O1 93 19  6  7   94 63 60 19 0    0N    21     
W98045616200108101300O1 93 25  7  8   94 58 53 18 0    0N    21     
W98045616200108151300O1 97 23  6  5   97 61 80 23 1   20N    21     
W98045616200108161300O1100 18  7  6  100 59 66 18 0    0N    21     
W98045616200108211300O1 82 14  6 10   88 54 74 14 0    0N    21     
W98045616200108231300O1 89 22  6  7   89 49 84 21 0    0N    21     
W98045616200108241300O1 93 15  6  7   93 51 66 10 0    0N    21     
W98045616200108271300O0 99 12  6  6   99 59 40 12 0    0N    21     
W98045616200108291300O0 88 18  6  9   96 55 37 13 0    0N    21     
W98045616200108301300O0 86 24  6  7   88 49 66 18 0    0N    21     
W98045616200109021300O9 71 74  8  2   89 59 83 24 3  100N    21     
W98045616200109041300O1 90 32  6 10   93 56 94 27 0    0N    21     
W98045616200109051300O1 87 26  6 10   90 57 77 25 0    0N    21     
W98045616200109121300O0 86 18  6  7   90 56 41 15 0    0N    21     
W98045616200109241300O0 92 17  4  8   94 55 41 13 0    0N    21     
W98045616200109261300O0 95 17  4  4   95 56 43 15 0    0N    21     
W98045616200109271300O1 88 16  6  7   95 59 44 16 0    0N    21     
W98045616200109281300O0 90 15  6  5   90 53 40 15 0    0N    21     
W98045616200109291300O0 92  6  4  7   92 48 37  5 0    0N    21     
W98045616200109301300O1 87 31  3  8   92 61 48  6 0    0N    21     
W98045616200110011300O3 78 30  3  8   89 55 72 17 0    0N    21     
W98045616200110021300O0 84 27  4  7   87 58 54 27 0    0N    21     
W98045616200110031300O0 84 31  4  6   85 55 78 27 0    0N    21     
W98045616200110051300O1 78 21  7  8   81 47 69 14 0    0N    21     
W98045616200110091300O0 73 45  6  7   74 50100 40 0    0N    21     
W98045616200110101300O0 81 17  0  0   81 43 89 13 0    0N    21     
W98045616200110111300O1 77 19  6  9   81 42 45 17 0    0N    21     
W98045616200110121300O1 77 17  8  9   77 48 57 17 0    0N    21     
W98045616200110141300O0 88 10  3  5   88 49 41 10 0    0N    21     
W98045616200110151300O1 86 10  4  6   89 48 32 10 0    0N    21     
W98045616200110161300O0 84 10  4  4   87 50 24 10 0    0N    21     
W98045616200110171300O0 80  8  6  9   86 42 41  8 0    0N    21     
W98045616200110191300O1 84 11  7  6   87 48 25  9 0    0N    21     
W98045616200110201300O0 81 15  6  8   84 48 30 11 0    0N    21     
W98045616200110231300O0 77 60  6  7   79 45 69 17 0    0N    21     
W98045616200110251300O2 78 18  4  8   79 51 38 18 0    0N    21     
W98045616200110261300O1 82 11  6  2   83 45 46  9 0    0N    21     
W98045616200110271300O1 76 21  6  7   82 47 46 11 0    0N    21     
W98045616200110301300O2 74 21  6  9   77 49 58 18 0    0N    21     
W98045616200110311300O2 63 45  6 11   74 48100 21 0    0N    21     
W98045616200111011300O1 69 41  6  4   71 36100 35 0    0N    21     
W98045616200111031300O0 73 29  3  7   75 47 74 29 0    0N    21     
W98045616200111041300O1 71 38  4  6   73 56 86 29 1   10N    21     
W98045616200111051300O1 74 31  3  6   74 43 97 31 0    0N    21     
W98045616200111071300O0 72 31  6  5   77 42 88 26 0    0N    21     
W98045616200111081300O1 72 32  2  6   74 54 76 31 0    0N    21     
W98045616200111091300O1 71 31  4  7   72 53 39 26 0    0N    21     
W98045616200111121300O0 62 55  6  5   64 40100 45 0    0N    21     
W98045616200111131300O2 52 75  6  9   62 41100 55 2   90N    21     
W98045616200111141300O0 67 26  1  6   67 34100 23 0    0N    21     
W98045616200111151300O1 69 20  4  4   71 36 60 19 0    0N    21     
W98045616200111171300O2 68 28  6  6   71 40 58 23 0    0N    21     
W98045616200111191300O0 70 17  5  2   72 42 48 17 0    0N    21     
W98045616200111201300O1 71 17  6  7   72 41 42 17 0    0N    21     
W98045616200111211300O1 69 17  7 12   71 42 44 14 0    0N    21     
W98045616200111221300O1 53 71  7 11   69 46 71 12 0    0N    21     
W98045616200111251300O3 43 71  6  8   56 37100 51 5  760N    21     
W98045616200111271300O0 45 27  1  7   48 30 85 27 0    0N    21     
W98045616200111301300O3 47 63  7  6   52 37100 62 1   10N    21     
W98045616200112011300O1 55 27  6  8   56 28100 25 0    0N    21     
W98045616200112021300O1 56 24  6  6   61 32 63 16 0    0N    21     
W98045616200112031300O1 47 76  6  8   57 43100 24 4   60N    21     
W98045616200112041300O1 43 77  7  9   47 34100 76 0    0N    21     
W98045616200112051300O0 50 43  7  8   52 23100 40 0    0N    21     
W98045616200112091300O0 58 12  6  8   59 39 25 10 0    0N    21     
W98045616200112101300O2 42 70  6 10   58 33100 10 2   20N    21     
W98045616200112111300O2 41 64  6  3   44 28100 59 1   20N    21     
W98045616200112121300O1 48 35  8  8   48 26 90 35 1   10N    21     
W98045616200112221300O0 49 64  6  5   49 28100 59 5   90N    21     
W98045616200112241300O0 52 26  3 13   53 38100 24 0    0N    21     
W98045616200112261300O1 60 15  4  6   60 29 56 15 0    0N    21     
W98045616200112301300O2 55 91  7  4   55 40100 46 7   80N    21     
